/*--------------------------------*- C++ -*----------------------------------*\
| =========                 |                                                 |
| \\      /  F ield         | OpenFOAM: The Open Source CFD Toolbox           |
|  \\    /   O peration     | Version:  2506                                  |
|   \\  /    A nd           | Website:  www.openfoam.com                      |
|    \\/     M anipulation  |                                                 |
\*---------------------------------------------------------------------------*/
FoamFile
{
    version     2.0;
    format      ascii;
    arch        "LSB;label=32;scalar=64";
    class       regIOobject;
    location    "constant/polyMesh";
    object      faceZones;
    meta
    {
        names           1 ( metalZone_to_airZone );
    }
}
// * * * * * * * * * * * * * * * * * * * * * * * * * * * * * * * * * * * * * //

1
(metalZone_to_airZone
{
    type            faceZone;
    faceLabels      List<label> 
2888
(
294
299
304
309
314
319
324
329
334
339
344
349
964
970
976
982
988
994
1000
1006
1012
1018
1024
1030
1657
1663
1669
1675
1681
1687
1693
1699
1705
1711
1717
1723
2350
2356
2362
2368
2374
2380
2386
2392
2398
2404
2410
2416
3043
3049
3055
3061
3067
3073
3079
3085
3091
3097
3103
3109
3736
3742
3748
3754
3760
3766
3772
3778
3784
3790
3796
3802
4429
4435
4441
4447
4453
4459
4465
4471
4477
4483
4489
4495
5128
5134
5140
5146
5152
5158
5164
5170
5176
5182
5188
5194
5864
5870
5876
5882
5888
5894
5900
5906
5912
5918
5924
5930
6618
6624
6630
6636
6639
6669
6675
6681
6687
7406
7412
7418
7424
7428
7457
7463
7469
7475
7597
8189
8195
8201
8207
8211
8240
8246
8252
8258
8380
8972
8978
8984
8990
8994
9023
9029
9035
9041
9163
9755
9761
9767
9773
9777
9806
9812
9818
9824
9946
10538
10544
10550
10556
10560
10589
10595
10601
10607
10729
11321
11327
11333
11339
11343
11372
11378
11384
11390
11512
12104
12110
12116
12122
12126
12155
12161
12167
12173
12295
12887
12893
12899
12905
12909
12938
12944
12950
12956
13078
13670
13676
13682
13688
13692
13721
13727
13733
13739
13861
14453
14459
14465
14471
14475
14504
14510
14516
14522
14644
15236
15242
15248
15254
15258
15287
15293
15299
15305
15427
16019
16025
16031
16037
16041
16070
16076
16082
16088
16210
16802
16808
16814
16820
16824
16853
16859
16865
16871
16917
16993
16995
17578
17584
17590
17596
17602
17608
17617
17626
17635
17641
17647
17653
18349
18355
18361
18367
18373
18379
18385
18391
18397
18403
18409
18415
19078
19084
19090
19096
19102
19108
19114
19120
19126
19132
19138
19144
19771
19777
19783
19789
19795
19801
19807
19813
19819
19825
19831
19837
20464
20470
20476
20482
20488
20494
20500
20506
20512
20518
20524
20530
21157
21163
21169
21175
21181
21187
21193
21199
21205
21211
21217
21223
21850
21856
21862
21868
21874
21880
21886
21892
21898
21904
21910
21916
22543
22549
22555
22561
22567
22573
22579
22585
22591
22597
22603
22609
23164
23170
23176
23182
23188
23194
23200
23206
23212
23218
23224
23230
23514
23544
23574
23586
23588
23603
23613
23615
23648
23649
23690
23691
25086
25116
25146
25156
25157
25185
25186
25213
25215
25361
25385
25409
25484
25508
25529
25559
25581
25586
25605
25612
25629
25652
25725
25749
25770
25800
25822
25827
25846
25853
25870
25939
25963
25984
26014
26036
26041
26060
26067
26084
26153
26177
26198
26228
26250
26255
26274
26281
26298
26367
26391
26412
26442
26464
26469
26488
26495
26512
26581
26605
26626
26656
26678
26683
26702
26709
26726
26795
26819
26840
26870
26892
26897
26916
26923
26940
27009
27033
27054
27084
27106
27111
27130
27137
27154
27223
27247
27268
27298
27320
27325
27344
27351
27368
27437
27461
27482
27512
27534
27539
27558
27565
27582
27651
27675
27696
27726
27748
27753
27772
27779
27796
27865
27889
27910
27940
27958
27964
27980
27987
28002
28026
28097
28121
28142
28162
28169
28172
28174
28183
28185
28203
28204
28206
28265
28274
28278
28282
28287
28289
28292
28293
28300
28305
28310
28318
28320
28326
28330
28332
28335
28340
28347
28356
28363
28368
28371
28379
28382
28383
28393
28395
28406
28407
28424
28431
28434
28435
28443
28445
28455
28456
28483
28484
28485
28534
28535
28536
28587
28588
28591
28595
28602
28603
28605
28608
28613
28614
28622
28627
28629
28631
28634
28635
28640
28641
28644
28648
28655
28656
28658
28661
28666
28667
28675
28680
28682
28684
28687
28688
28730
28731
28734
28738
28745
28746
28748
28751
28756
28757
28765
28770
28772
28774
28777
28778
28783
28784
28787
28791
28798
28799
28801
28804
28809
28810
28818
28823
28825
28827
28830
28831
28873
28874
28877
28881
28888
28889
28891
28894
28899
28900
28908
28913
28915
28917
28920
28921
28926
28927
28930
28934
28941
28942
28944
28947
28952
28953
28961
28966
28968
28970
28973
28974
29016
29017
29020
29024
29031
29032
29034
29037
29042
29043
29051
29056
29058
29060
29063
29064
29069
29070
29073
29077
29084
29085
29087
29090
29095
29096
29104
29109
29111
29113
29116
29117
29159
29160
29163
29167
29174
29175
29177
29180
29185
29186
29194
29199
29201
29203
29206
29207
29212
29213
29216
29220
29227
29228
29230
29233
29238
29239
29247
29252
29254
29256
29259
29260
29302
29303
29306
29310
29317
29318
29320
29323
29328
29329
29337
29342
29344
29346
29349
29350
29355
29356
29359
29363
29370
29371
29373
29376
29381
29382
29390
29395
29397
29399
29402
29403
29445
29446
29449
29453
29460
29461
29463
29466
29471
29472
29480
29485
29487
29489
29492
29493
29498
29499
29502
29506
29513
29514
29516
29519
29524
29525
29533
29538
29540
29542
29545
29546
29588
29589
29592
29596
29603
29604
29606
29609
29614
29615
29623
29628
29630
29632
29635
29636
29641
29642
29645
29649
29656
29657
29659
29662
29667
29668
29676
29681
29683
29685
29688
29689
29731
29732
29735
29739
29746
29747
29749
29752
29757
29758
29766
29771
29773
29775
29778
29779
29784
29785
29788
29792
29799
29800
29802
29805
29810
29811
29819
29824
29826
29828
29831
29832
29874
29875
29878
29882
29889
29890
29892
29895
29900
29901
29909
29914
29916
29918
29921
29922
29927
29928
29931
29935
29942
29943
29945
29948
29953
29954
29962
29967
29969
29971
29974
29975
30017
30018
30021
30025
30032
30033
30035
30038
30043
30044
30052
30057
30059
30061
30064
30065
30070
30071
30074
30078
30085
30086
30088
30091
30096
30097
30105
30110
30112
30114
30117
30118
30160
30161
30164
30168
30175
30176
30178
30181
30186
30187
30195
30200
30202
30204
30207
30208
30213
30214
30217
30221
30228
30229
30231
30234
30239
30240
30248
30253
30255
30257
30260
30261
30303
30307
30311
30318
30319
30320
30326
30329
30332
30337
30348
30352
30356
30359
30363
30364
30369
30372
30379
30383
30393
30394
30399
30406
30408
30410
30416
30418
30428
30429
30454
30455
30479
30480
30481
30553
30562
30564
30574
30583
30585
30595
30604
30606
30616
30625
30627
30637
30646
30648
30658
30667
30669
30679
30688
30690
30700
30709
30711
30721
30730
30732
30742
30751
30753
30763
30772
30774
30784
30792
30794
30979
30988
30990
31000
31009
31011
31021
31030
31032
31042
31051
31053
31063
31072
31074
31084
31093
31095
31105
31114
31116
31126
31135
31137
31147
31156
31158
31168
31177
31179
31189
31198
31200
31210
31218
31220
31405
31414
31416
31426
31435
31437
31447
31456
31458
31468
31477
31479
31489
31498
31500
31510
31519
31521
31531
31540
31542
31552
31561
31563
31573
31582
31584
31594
31603
31605
31615
31624
31626
31636
31644
31646
31831
31840
31842
31852
31861
31863
31873
31882
31884
31894
31903
31905
31915
31924
31926
31936
31945
31947
31957
31966
31968
31978
31987
31989
31999
32008
32010
32020
32029
32031
32041
32050
32052
32062
32070
32072
32257
32266
32268
32278
32287
32289
32299
32308
32310
32320
32329
32331
32341
32350
32352
32362
32371
32373
32383
32392
32394
32404
32413
32415
32425
32434
32436
32446
32455
32457
32467
32476
32478
32488
32496
32498
32683
32692
32694
32704
32713
32715
32725
32734
32736
32746
32755
32757
32767
32776
32778
32788
32797
32799
32809
32818
32820
32830
32839
32841
32851
32860
32862
32872
32881
32883
32893
32902
32904
32914
32922
32924
33109
33118
33120
33130
33139
33141
33151
33160
33162
33172
33181
33183
33193
33202
33204
33214
33223
33225
33235
33244
33246
33256
33265
33267
33277
33286
33288
33298
33307
33309
33319
33328
33330
33340
33348
33350
33535
33544
33546
33556
33565
33567
33577
33586
33588
33598
33607
33609
33619
33628
33630
33640
33649
33651
33661
33670
33672
33682
33691
33693
33703
33712
33714
33724
33733
33735
33745
33754
33756
33766
33774
33776
33961
33970
33972
33982
33991
33993
34003
34012
34014
34024
34033
34035
34045
34054
34056
34069
34078
34083
34099
34108
34113
34129
34138
34143
34153
34162
34164
34174
34183
34185
34195
34204
34206
34216
34224
34226
34520
34529
34531
34541
34550
34552
34562
34571
34573
34583
34591
34593
34601
34610
34612
34622
34631
34633
34643
34652
34654
34664
34672
34674
34802
34811
34813
34823
34832
34834
34844
34853
34855
34865
34873
34875
34883
34892
34894
34904
34913
34915
34925
34934
34936
34946
34954
34956
35027
35038
35039
35043
35045
35047
35115
35118
35123
35127
35136
35138
35147
35149
35159
35168
35170
35180
35189
35191
35201
35209
35211
35219
35228
35230
35240
35249
35251
35261
35270
35272
35282
35290
35292
35364
35373
35376
35378
35385
35386
35461
35477
35486
35488
35498
35507
35509
35519
35528
35530
35540
35548
35550
35558
35567
35569
35579
35588
35590
35600
35609
35611
35621
35629
35631
35703
35712
35715
35717
35724
35725
35800
35816
35825
35827
35837
35846
35848
35858
35867
35869
35879
35887
35889
35897
35906
35908
35918
35927
35929
35939
35948
35950
35960
35968
35970
36042
36051
36054
36056
36063
36064
36139
36155
36164
36166
36176
36185
36187
36197
36206
36208
36218
36226
36228
36236
36245
36247
36257
36266
36268
36278
36287
36289
36299
36307
36309
36381
36390
36393
36395
36402
36403
36478
36494
36503
36505
36515
36524
36526
36536
36545
36547
36557
36565
36567
36575
36584
36586
36596
36605
36607
36617
36626
36628
36638
36646
36648
36720
36729
36732
36734
36741
36742
36817
36833
36842
36844
36854
36863
36865
36875
36884
36886
36896
36904
36906
36914
36923
36925
36935
36944
36946
36956
36965
36967
36977
36985
36987
37059
37068
37071
37073
37080
37081
37156
37172
37181
37183
37193
37202
37204
37214
37223
37225
37235
37243
37245
37253
37262
37264
37274
37283
37285
37295
37304
37306
37316
37324
37326
37398
37407
37410
37412
37419
37420
37495
37511
37520
37522
37532
37541
37543
37553
37562
37564
37574
37582
37584
37592
37601
37603
37613
37622
37624
37634
37643
37645
37655
37663
37665
37737
37746
37749
37751
37758
37759
37834
37850
37859
37861
37871
37880
37882
37892
37901
37903
37913
37921
37923
37931
37940
37942
37952
37961
37963
37973
37982
37984
37994
38002
38004
38076
38085
38088
38090
38097
38098
38173
38189
38198
38200
38210
38219
38221
38231
38240
38242
38252
38260
38262
38270
38279
38281
38291
38300
38302
38312
38321
38323
38333
38341
38343
38415
38424
38427
38429
38436
38437
38512
38525
38534
38536
38546
38555
38557
38567
38576
38578
38588
38596
38598
38606
38615
38617
38627
38636
38638
38648
38657
38659
38669
38677
38679
38751
38760
38763
38765
38772
38773
38839
38848
38851
38853
38865
38946
38955
38957
38967
38976
38978
38988
38997
38999
39009
39017
39019
39053
39062
39064
39074
39083
39085
39095
39104
39106
39116
39124
39126
39254
39263
39265
39275
39284
39286
39296
39305
39307
39317
39326
39328
39338
39353
39355
39365
39383
39385
39395
39413
39415
39425
39437
39439
39449
39458
39460
39470
39479
39481
39491
39500
39502
39512
39520
39522
39743
39752
39754
39764
39773
39775
39785
39794
39796
39806
39815
39817
39827
39836
39838
39848
39857
39859
39869
39878
39880
39890
39899
39901
39911
39920
39922
39932
39941
39943
39953
39962
39964
39974
39982
39984
40169
40178
40180
40190
40199
40201
40211
40220
40222
40232
40241
40243
40253
40262
40264
40274
40283
40285
40295
40304
40306
40316
40325
40327
40337
40346
40348
40358
40367
40369
40379
40388
40390
40400
40408
40410
40595
40604
40606
40616
40625
40627
40637
40646
40648
40658
40667
40669
40679
40688
40690
40700
40709
40711
40721
40730
40732
40742
40751
40753
40763
40772
40774
40784
40793
40795
40805
40814
40816
40826
40834
40836
41021
41030
41032
41042
41051
41053
41063
41072
41074
41084
41093
41095
41105
41114
41116
41126
41135
41137
41147
41156
41158
41168
41177
41179
41189
41198
41200
41210
41219
41221
41231
41240
41242
41252
41260
41262
41447
41456
41458
41468
41477
41479
41489
41498
41500
41510
41519
41521
41531
41540
41542
41552
41561
41563
41573
41582
41584
41594
41603
41605
41615
41624
41626
41636
41645
41647
41657
41666
41668
41678
41686
41688
41873
41882
41884
41894
41903
41905
41915
41924
41926
41936
41945
41947
41957
41966
41968
41978
41987
41989
41999
42008
42010
42020
42029
42031
42041
42050
42052
42062
42071
42073
42083
42092
42094
42104
42112
42114
42299
42308
42310
42320
42329
42331
42341
42350
42352
42362
42371
42373
42383
42392
42394
42404
42413
42415
42425
42434
42436
42446
42455
42457
42467
42476
42478
42488
42497
42499
42509
42518
42520
42530
42538
42540
42725
42734
42736
42743
42752
42754
42761
42770
42772
42779
42788
42790
42797
42806
42808
42815
42824
42826
42833
42842
42844
42851
42860
42862
42869
42878
42880
42887
42896
42898
42905
42914
42916
42923
42931
42933
44119
44127
44128
44131
44133
44135
44138
44147
44152
44167
44169
44172
44173
44181
44183
44184
44189
44193
44206
44213
44218
44227
44229
44232
44233
44238
44239
44240
44245
44248
44262
44264
44269
44273
44278
44298
44302
44310
44311
44315
44357
44361
44368
44369
44372
44397
44403
44406
44408
44412
44413
44417
44421
44429
44445
44447
44450
44451
44459
44461
44462
44467
44471
44485
44489
44496
44508
44510
44513
44514
44519
44520
44521
44526
44529
44542
44549
44551
44553
44561
44582
44586
44594
44595
44599
44622
44628
44631
44633
44637
44638
44642
44646
44654
44670
44672
44675
44676
44684
44686
44687
44692
44696
44710
44714
44721
44733
44735
44738
44739
44744
44745
44746
44751
44754
44767
44774
44776
44778
44786
44807
44811
44819
44820
44824
44847
44853
44856
44858
44862
44863
44867
44871
44879
44895
44897
44900
44901
44909
44911
44912
44917
44921
44935
44939
44946
44958
44960
44963
44964
44969
44970
44971
44976
44979
44992
44999
45001
45003
45011
45032
45036
45044
45045
45049
45072
45078
45081
45083
45087
45088
45092
45096
45104
45120
45122
45125
45126
45134
45136
45137
45142
45146
45160
45164
45171
45183
45185
45188
45189
45194
45195
45196
45201
45204
45217
45224
45226
45228
45236
45257
45261
45269
45270
45274
45297
45303
45306
45308
45312
45313
45317
45321
45329
45345
45347
45350
45351
45359
45361
45362
45367
45371
45385
45389
45396
45408
45410
45413
45414
45419
45420
45421
45426
45429
45442
45449
45451
45453
45461
45482
45486
45494
45495
45499
45522
45528
45531
45533
45537
45538
45542
45546
45554
45570
45572
45575
45576
45584
45586
45587
45592
45596
45610
45614
45621
45633
45635
45638
45639
45644
45645
45646
45651
45654
45667
45674
45676
45678
45686
45707
45711
45719
45720
45724
45747
45753
45756
45758
45762
45763
45767
45771
45779
45795
45797
45800
45801
45809
45811
45812
45817
45821
45835
45839
45846
45858
45860
45863
45864
45869
45870
45871
45876
45879
45892
45899
45901
45903
45911
45932
45936
45944
45945
45949
45972
45978
45981
45983
45987
45988
45992
45996
46004
46020
46022
46025
46026
46034
46036
46037
46042
46046
46060
46064
46071
46083
46085
46088
46089
46094
46095
46096
46101
46104
46117
46124
46126
46128
46136
46157
46161
46169
46170
46174
46197
46203
46206
46208
46212
46213
46217
46221
46229
46245
46247
46250
46251
46259
46261
46262
46267
46271
46285
46289
46296
46308
46310
46313
46314
46319
46320
46321
46326
46329
46342
46349
46351
46353
46361
46382
46386
46394
46395
46399
46422
46428
46431
46433
46437
46438
46442
46446
46454
46470
46472
46475
46476
46484
46486
46487
46492
46496
46510
46514
46521
46533
46535
46538
46539
46544
46545
46546
46551
46554
46567
46574
46576
46578
46586
46607
46611
46619
46620
46624
46647
46653
46656
46658
46662
46663
46667
46671
46679
46694
46700
46702
46703
46705
46706
46709
46718
46722
46729
46733
46739
46749
46754
46756
46757
46759
46760
46762
46770
46774
46780
46787
46789
46790
46797
46819
46821
46827
46830
46834
46875
46877
46882
46885
46888
46911
46921
46935
46942
46958
46965
46982
46989
47005
47012
47029
47036
47052
47059
47076
47083
47099
47106
47123
47130
47146
47153
47170
47177
47193
47200
47217
47224
47240
47247
47264
47271
47287
47294
47311
47318
47334
47341
47357
47363
49245
49253
49261
49265
49272
49280
49286
49290
50545
50547
50555
51107
51109
51115
51670
51672
51678
52233
52235
52241
52796
52798
52804
53359
53361
53367
53922
53924
53930
54485
54487
54493
55048
55050
55056
55611
55613
55619
58323
58329
58333
58335
58385
58392
58399
58402
59946
59957
59961
59964
59968
59978
59981
59983
60041
60051
60054
60056
60060
60070
60073
60075
60362
60366
60370
60377
62426
62433
62437
62443
62596
62602
62605
62667
62673
62676
62738
62744
62747
62809
62815
62818
62880
62886
62889
62951
62957
62960
63022
63028
63031
63093
63099
63102
63164
63170
63173
63235
63241
63244
63508
63513
63517
63521
63559
63565
63569
63576
63601
63607
63611
63618
63643
63649
63653
63660
63685
63691
63695
63702
63727
63733
63737
63744
63769
63775
63779
63786
63811
63817
63821
63828
63853
63859
63863
63870
63895
63901
63905
63912
63937
63943
63947
63954
63979
63985
63989
63996
64060
64066
64070
64077
64267
64272
64276
64280
64300
64303
64306
64312
64352
64358
64362
64367
64391
64394
64397
64403
64438
64440
64443
64448
64466
64472
64476
64481
64505
64508
64511
64517
64552
64554
64557
64562
64580
64586
64590
64595
64619
64622
64625
64631
64666
64668
64671
64676
64694
64700
64704
64709
64733
64736
64739
64745
64780
64782
64785
64790
64808
64814
64818
64823
64847
64850
64853
64859
64894
64896
64899
64904
64922
64928
64932
64937
64961
64964
64967
64973
65008
65010
65013
65018
65036
65042
65046
65051
65075
65078
65081
65087
65122
65124
65127
65132
65150
65156
65160
65165
65189
65192
65195
65201
65236
65238
65241
65246
65264
65270
65274
65279
65303
65306
65309
65315
65350
65352
65355
65360
65378
65384
65388
65393
65417
65420
65423
65429
65464
65466
65469
65474
65492
65498
65502
65507
65531
65534
65537
65543
65578
65580
65583
65588
65606
65612
65616
65621
65645
65648
65651
65657
65692
65694
65697
65702
65717
65723
65727
65732
65755
65757
65760
65763
65777
65779
65782
65785
)
;
    flipMap         List<bool> 
2888
(
1
1
1
1
1
1
1
1
1
1
1
1
1
1
1
1
1
1
1
1
1
1
1
1
1
1
1
1
1
1
1
1
1
1
1
1
1
1
1
1
1
1
1
1
1
1
1
1
1
1
1
1
1
1
1
1
1
1
1
1
1
1
1
1
1
1
1
1
1
1
1
1
1
1
1
1
1
1
1
1
1
1
1
1
1
1
1
1
1
1
1
1
1
1
1
1
1
1
1
1
1
1
1
1
1
1
1
1
1
1
1
1
1
1
1
1
1
1
1
1
1
1
1
1
1
1
1
1
1
1
1
1
1
1
1
1
1
1
1
1
1
1
1
1
1
1
1
1
1
1
1
1
1
1
1
1
1
1
1
1
1
1
1
1
1
1
1
1
1
1
1
1
1
1
1
1
1
1
1
1
1
1
1
1
1
1
1
1
1
1
1
1
1
1
1
1
1
1
1
1
1
1
1
1
1
1
1
1
1
1
1
1
1
1
1
1
1
1
1
1
1
1
1
1
1
1
1
1
1
1
1
1
1
1
1
1
1
1
1
1
1
1
1
1
1
1
1
1
1
1
1
1
1
1
1
1
1
1
1
1
1
1
1
1
1
1
1
1
1
1
1
1
1
1
1
1
1
1
1
1
1
1
1
1
1
1
1
1
1
1
1
1
1
1
1
1
1
1
1
1
1
1
1
1
1
1
1
1
1
1
1
1
1
1
1
1
1
1
1
1
1
1
1
1
1
1
1
1
1
1
1
1
1
1
1
1
1
1
1
1
1
1
1
1
1
1
1
1
1
1
1
1
1
1
1
1
1
1
1
1
1
1
1
1
1
1
1
1
1
1
1
1
1
1
1
1
1
1
1
1
1
1
1
1
1
1
1
1
1
1
1
1
1
1
1
1
1
1
1
1
1
1
1
1
1
1
1
1
1
1
1
1
1
1
1
1
1
1
1
1
1
1
1
1
1
1
1
1
1
1
1
1
1
1
1
1
1
1
1
1
1
1
1
1
1
1
1
1
1
1
1
1
1
1
1
1
1
1
1
1
1
1
1
1
1
1
1
1
1
1
1
1
1
1
1
1
1
1
1
1
1
1
1
1
1
1
1
1
1
1
1
1
1
1
0
1
1
1
1
1
1
1
1
0
0
0
0
0
0
0
0
1
1
0
0
0
1
1
1
0
1
0
0
0
0
0
1
1
1
1
1
1
1
0
1
1
1
1
1
1
1
1
1
1
1
1
1
0
0
0
0
0
0
0
0
0
0
0
0
0
0
0
0
0
0
0
0
0
0
0
0
0
0
0
0
0
0
0
0
0
0
0
0
0
0
0
0
0
0
0
0
0
0
0
0
0
0
0
0
0
0
0
0
0
0
0
0
0
0
0
0
0
0
0
0
0
0
0
0
0
0
0
0
0
0
0
0
0
0
0
0
0
0
0
0
0
0
0
0
0
0
0
0
0
0
0
0
0
0
0
0
0
0
0
0
0
0
0
0
0
0
0
0
0
0
0
0
0
0
0
0
0
0
0
0
0
0
0
0
0
0
0
0
0
0
0
0
0
0
0
0
0
0
0
0
0
0
0
0
0
0
0
0
0
0
0
0
0
0
0
0
0
0
0
0
0
0
0
0
0
0
0
0
0
0
0
0
0
0
0
0
0
0
0
0
0
0
0
0
0
0
0
0
0
0
0
0
0
0
0
0
0
0
0
0
0
0
0
0
0
0
0
0
0
0
0
0
0
0
0
0
0
0
0
0
0
0
0
0
0
0
0
0
0
0
0
0
0
0
0
0
0
0
0
0
0
0
0
0
0
0
0
0
0
0
0
0
0
0
0
0
0
0
0
0
0
0
0
0
0
0
0
0
0
0
0
0
0
0
0
0
0
0
0
0
0
0
0
0
0
0
0
0
0
0
0
0
0
0
0
0
0
0
0
0
0
0
0
0
0
0
0
0
0
0
0
0
0
0
0
0
0
0
0
0
0
0
0
0
0
0
0
0
0
0
0
0
0
0
0
0
0
0
0
0
0
0
0
0
0
0
0
0
0
0
0
0
0
0
0
0
0
0
0
0
0
0
0
0
0
0
0
0
0
0
0
0
0
0
0
0
0
0
0
0
0
0
0
0
1
1
0
0
0
1
1
1
1
0
0
0
0
0
0
1
1
1
1
1
1
1
1
1
1
1
1
1
1
1
1
1
1
1
1
1
1
1
1
1
1
1
1
1
1
1
1
1
1
1
1
1
1
1
1
1
1
1
1
1
1
1
1
1
1
1
1
1
1
1
1
1
1
1
1
1
1
1
1
1
1
1
1
1
1
1
1
1
1
1
1
1
1
1
1
1
1
1
1
1
1
1
1
1
1
1
1
1
1
1
1
1
1
1
1
1
1
1
1
1
1
1
1
1
1
1
1
1
1
1
1
1
1
1
1
1
1
1
1
1
1
1
1
1
1
1
1
1
1
1
1
1
1
1
1
1
1
1
1
1
1
1
1
1
1
1
1
1
1
1
1
1
1
1
1
1
1
1
1
1
1
1
1
1
1
1
1
1
1
1
1
1
1
1
1
1
1
1
1
1
1
1
1
1
1
1
1
1
1
1
1
1
1
1
1
1
1
1
1
1
1
1
1
1
1
1
1
1
1
1
1
1
1
1
1
1
1
1
1
1
1
1
1
1
1
1
1
1
1
1
1
1
1
1
1
1
1
1
1
1
1
1
1
1
1
1
1
1
1
1
1
1
1
1
1
1
1
1
1
1
1
1
1
1
1
1
1
1
1
1
1
1
1
1
1
1
1
1
1
1
1
1
1
1
1
1
1
1
1
1
1
1
1
1
1
1
1
1
1
1
1
1
1
1
1
1
1
1
1
1
1
1
1
1
1
1
1
1
1
1
1
1
1
1
1
1
1
1
1
1
1
1
1
1
1
1
1
1
1
1
1
1
1
1
1
1
1
1
1
1
1
1
1
1
1
1
1
1
1
1
1
1
1
1
1
1
1
1
1
1
1
1
1
1
1
1
1
1
1
1
1
1
1
1
1
1
1
0
1
1
1
1
1
1
1
1
1
1
1
1
1
1
1
1
1
1
1
1
1
1
1
1
1
1
1
1
1
1
1
1
1
1
1
1
1
1
1
1
1
1
1
1
1
1
1
1
1
1
1
1
1
1
1
1
1
1
1
1
1
1
1
1
1
1
1
1
1
1
1
1
1
1
1
1
1
1
1
1
1
1
1
1
1
1
1
1
1
1
1
1
1
1
1
1
1
1
1
1
1
1
1
1
1
1
1
1
1
1
1
1
1
1
1
1
1
1
1
1
1
1
1
1
1
1
1
1
1
1
1
1
1
1
1
1
1
1
1
1
1
1
1
1
1
1
1
1
1
1
1
1
1
1
1
1
1
1
1
1
1
1
1
1
1
1
1
1
1
1
1
1
1
1
1
1
1
1
1
1
1
1
1
1
1
1
1
1
1
1
1
1
1
1
1
1
1
1
1
1
1
1
1
1
1
1
1
1
1
1
1
1
1
1
1
1
1
1
1
1
1
1
1
1
1
1
1
1
1
1
1
1
1
1
1
1
1
1
1
1
1
1
1
1
1
1
1
1
1
1
1
1
1
1
1
1
1
1
1
1
1
1
1
1
1
1
1
1
1
1
1
1
1
1
1
1
1
1
1
1
1
1
1
1
1
1
1
1
1
1
1
1
1
1
1
1
1
1
1
1
1
1
1
1
1
1
1
1
1
1
1
1
1
1
1
1
1
1
1
1
1
1
1
1
1
1
1
1
1
1
1
1
1
1
1
1
1
1
1
1
1
1
0
1
1
1
1
1
1
1
1
1
1
1
1
1
1
1
1
1
1
1
1
1
1
1
1
1
1
1
1
1
1
1
1
1
1
1
1
1
1
1
1
1
1
1
1
1
1
1
1
1
1
1
1
1
1
1
1
1
1
1
1
1
1
1
1
1
1
1
1
1
1
1
1
1
1
1
1
1
1
1
1
1
1
1
1
1
1
1
1
1
1
1
1
1
1
1
1
1
1
1
1
1
1
1
1
1
1
1
1
1
1
1
1
1
1
1
1
1
1
1
1
1
1
1
1
1
1
1
1
1
1
1
1
1
1
1
1
1
1
1
1
1
1
1
1
1
1
1
1
1
1
1
1
1
1
1
1
1
1
1
1
1
1
1
1
1
1
1
1
1
1
1
1
1
1
1
1
1
1
1
1
1
1
1
1
1
1
1
1
1
1
1
1
1
1
1
1
1
1
1
1
1
1
1
1
1
1
1
1
1
1
1
1
1
1
1
1
1
1
1
1
1
1
1
1
1
1
1
1
1
1
1
1
1
1
1
1
1
1
1
1
1
1
1
1
1
1
1
1
1
1
1
1
1
1
1
1
1
1
1
1
1
1
1
1
1
1
1
1
1
1
1
1
1
1
1
1
1
1
1
1
1
1
1
1
1
1
1
1
1
1
1
1
1
1
1
1
1
1
1
1
1
1
1
1
1
1
1
1
1
1
1
1
1
1
1
1
1
1
1
1
1
1
1
1
1
1
1
1
1
1
1
1
1
1
1
1
1
1
1
1
1
1
1
1
1
1
1
1
1
1
1
1
1
1
1
1
1
1
1
0
1
1
1
1
1
1
1
0
1
1
1
0
1
1
1
1
1
1
1
0
1
1
1
1
0
1
1
0
1
1
1
1
0
1
1
1
1
1
1
1
1
1
1
0
1
1
1
1
1
1
1
1
0
1
1
0
1
1
1
1
1
1
1
1
0
1
1
0
1
1
1
1
0
1
1
1
1
1
1
1
1
1
1
0
1
1
1
1
1
1
1
1
0
1
1
0
1
1
1
1
1
1
1
1
0
1
1
0
1
1
1
1
0
1
1
1
1
1
1
1
1
1
1
0
1
1
1
1
1
1
1
1
0
1
1
0
1
1
1
1
1
1
1
1
0
1
1
0
1
1
1
1
0
1
1
1
1
1
1
1
1
1
1
0
1
1
1
1
1
1
1
1
0
1
1
0
1
1
1
1
1
1
1
1
0
1
1
0
1
1
1
1
0
1
1
1
1
1
1
1
1
1
1
0
1
1
1
1
1
1
1
1
0
1
1
0
1
1
1
1
1
1
1
1
0
1
1
0
1
1
1
1
0
1
1
1
1
1
1
1
1
1
1
0
1
1
1
1
1
1
1
1
0
1
1
0
1
1
1
1
1
1
1
1
0
1
1
0
1
1
1
1
0
1
1
1
1
1
1
1
1
1
1
0
1
1
1
1
1
1
1
1
0
1
1
0
1
1
1
1
1
1
1
1
0
1
1
0
1
1
1
1
0
1
1
1
1
1
1
1
1
1
1
0
1
1
1
1
1
1
1
1
0
1
1
0
1
1
1
1
1
1
1
1
0
1
1
0
1
1
1
1
0
1
1
1
1
1
1
1
1
1
1
0
1
1
1
1
1
1
1
1
0
1
1
0
1
1
1
1
1
1
1
1
0
1
1
0
1
1
1
1
0
1
1
1
1
1
1
1
1
1
1
0
1
1
1
1
1
1
1
1
0
1
1
0
1
1
1
1
1
1
1
1
0
1
1
0
1
1
1
1
0
1
1
1
1
1
1
1
1
1
1
0
1
1
1
1
1
1
1
1
1
0
1
0
1
1
1
1
1
1
1
1
1
0
1
0
1
1
1
1
1
1
0
1
1
1
1
0
1
1
0
0
0
0
0
0
0
0
0
0
0
0
0
0
0
0
0
0
0
0
0
0
0
0
0
0
0
0
0
0
0
0
0
0
0
0
0
0
0
0
1
1
1
1
1
1
1
1
1
1
1
1
1
1
1
1
1
1
1
1
1
1
1
1
1
1
1
1
1
1
1
1
1
1
1
1
1
1
1
1
1
1
1
1
1
1
1
1
1
1
1
1
1
1
1
1
1
1
1
1
1
1
0
0
0
0
0
0
0
0
1
1
1
1
1
1
1
1
1
1
1
1
1
1
1
1
1
1
1
1
1
1
1
1
1
1
1
1
1
1
1
1
1
1
1
1
1
1
1
1
1
1
1
1
1
1
1
1
1
1
1
1
1
1
1
1
1
1
1
1
1
1
1
1
1
1
1
1
1
1
1
1
1
1
1
1
1
1
1
1
1
1
1
1
1
1
1
1
1
1
1
1
1
1
1
1
1
1
1
1
1
1
1
1
1
1
1
1
1
1
1
1
1
1
1
1
1
1
1
1
1
1
1
1
1
1
1
1
1
1
1
1
1
1
1
1
1
1
1
1
1
1
1
1
1
1
1
1
1
1
1
1
1
1
1
1
1
1
1
1
1
1
1
1
1
1
1
1
1
1
1
1
1
1
1
1
1
1
1
1
1
1
1
1
1
1
1
1
1
1
1
1
1
1
1
1
1
1
1
1
1
1
1
1
1
1
1
1
1
1
1
1
1
1
1
1
1
1
1
1
1
1
1
1
1
1
1
1
1
1
1
1
1
1
1
1
1
1
1
1
1
1
1
1
1
1
)
;
}
)

// ************************************************************************* //
